82.28, -62.30
81.36, -16.40
79.59, -85.57
78.55, 11.56
78.13, 15.34
77.28, -69.14
76.25, -82.53
71.18, -156.45
70.39, 23.41
70.12, -148.30
70.04, 27.52
70.04, 29.44
69.54, 27.01
69.40, 18.56
69.26, -133.01
69.21, 88.12
68.58, 33.04
68.25, 17.34
67.51, 20.13
67.33, 133.23
67.18, 14.33
67.07, 20.45
66.42, 27.26
66.30, 25.44
66.04, -23.07
65.58, 29.11
65.51, 24.09
65.50, 21.43
65.50, 24.08
65.44, 24.34
65.41, -18.06
65.34, 22.09
65.32, 21.51
65.21, 27.00
65.01, 25.28
64.76, 20.99
64.50, -147.43
64.32, 40.32
64.10, -51.43
64.08, -21.56
63.50, 20.15
63.47, 10.93
63.45, -68.31
63.30, 18.72
63.25, 10.23
63.18, 14.65
63.10, 22.00
62.53, 27.40
62.40, 17.33
62.27, -114.24
62.2, 129.44
62.14, 25.44
62.0, -6.46
61.30, 23.45
61.13, -149.54
61.07, 10.25
60.59, 25.39
60.41, -135.08
60.27, 22.16
60.22, 5.24
60.17, 25.02
60.12, 24.39
60.12, 24.56
59.56, 30.20
59.56, 10.45
59.51, 17.38
59.26, 24.45
59.21, 18.04
59.17, 11.06
58.36, 16.12
58.23, 26.43
58.23, -134.11
58.10, 08.02
58.0, 56.19
57.42, 11.55
57.37, 39.51
57.28, -04.13
57.10, -02.7
56.58, 24.8
56.50, 60.35
56.50, 53.11
56.44, -111.23
56.20, 44.00
56.10, 101.37
56.09, 10.12
56.01, 93.04
55.57, -03.12
55.52, -04.15
55.47, 49.10
55.45, 37.37
55.43, 12.34
55.35, 13.02
55.32, 08.34
55.23, 10.23
55.10, -118.48
55.09, 61.22
55.01, 82.56
54.59, 73.22
54.58, -01.36
54.45, 55.58
54.41, 25.17
54.36, -5.56
54.30, 18.32
54.21, 18.40
54.20, 10.08
53.79, -1.75
53.55, 27.33
53.48, -1.33
53.34, 10.02
53.34, -113.31
53.29, -2.15
53.29, 49.31
53.25, -2.59
53.23, -1.28
53.21, -6.16
53.14, 50.10
53.13, 6.34
53.04, 8.49
53.01, 158.39
52.57, -01.08
52.38, -1.14
52.37, 01.29
52.35, -0.15
52.31, 13.25
52.29, -1.54
52.24, -1.30
52.22, 4.54
52.22, 4.38
52.17, 104.16
52.14, 21.01
52.13, 6.53
52.13, -106.65
52.12, 0.07
52.09, 4.30
52.05, 5.6
52.04, 4.18
51.87, -2.24
51.56, 4.28
51.45, -1.15
51.40, 39.12
51.38, -2.36
51.37, -3.57
51.32, 46.01
51.30, -0.08
51.29, -3.11
51.27, -2.36
51.13, 04.24
51.10, 71.26
51.03, -114.03
51.03, 3.44
51.00, -1.04
50.57, 6.58
50.51, 4.21
50.51, 5.41
50.49, -1.05
50.49, -0.09
50.27, -104.61
50.43, -3.32
50.41, -120.20
50.27, 30.30
50.22, -4.08
50.07, 8.41
50.05, 14.26
50.03, 19.56
50.00, 36.15
49.54, -97.08
49.51, 24.01
49.37, 6.08
49.32, -119.18
49.16, -123.07
48.52, 2.20
48.42, 44.31
48.58, 7.74
48.25, -123.22
48.22, -89.19
48.13, 16.22
48.09, 17.07
48.08, 11.34
47.55, 106.55
47.36, -122.19
47.34, 7.36
47.33, -52.40
47.28, 19.03
47.22, 8.33
47.14, 39.42
47.08, 9.31
47.00, 28.55
46.57, 7.27
46.51, -29.38
46.49, -71.13
46.48, -100.46
46.46, 23.35
46.37, -80.48
46.35, -112.1
46.32, -84.20
46.31, 6.38
46.28, 30.44
46.22, -79.25
46.14, -63.8
46.12, 6.09
46.08, -64.46
46.03, 14.30
45.57, -66.40
45.49, 15.59
45.46, 4.50
45.45, 126.41
45.31, -122.41
45.31, -73.33
45.28, 9.10
45.26, 12.19
45.26, -75.41
45.17, -66.4
45.04, 7.40
45.02, 38.58
44.59, -93.15
44.57, 34.06
44.50, -00.35
44.48, 20.28
44.45, 19.41
44.39, -63.34
45.29, 11.20
44.25, 26.06
44.22, -100.20
44.20, 23.49
44.18, -69.46
44.15, -72.34
43.56, 12.26
43.52, 18.25
43.52, 125.19
43.50, -66.50
43.46, 11.15
43.44, 7.24
43.42, 7.16
43.42, -79.23
43.36, -116.12
43.18, 5.22
43.17, 76.54
43.15, -2.55
43.12, -71.32
43.09, -77.36
43.08, 131.54
43.04, 141.21
43.03, -87.57
43.00, 41.01
42.54, -78.51
42.52, 74.37
42.42, 23.20
42.40, 21.10
42.30, 1.30
42.28, 19.17
42.28, 59.36
42.21, -71.04
42.20, -83.03
42.17, -83.00
42.14, 43.58
42.0, 21.26
41.54, 12.29
41.54, 12.27
41.50, -87.39
41.49, -71.25
41.48, 129.470
41.48, 123.25
41.45, -72.41
41.43, 44.47
41.39, -0.53
41.38, 71.58
41.35, -93.37
41.29, -81.40
41.23, 2.11
41.20, 19.49
41.16, 69.13
41.09, -8.38
41.08, -104.48
41.07, -85.07
41.03, 28.98
41.02, 49.53
40.50, 14.15
40.48, -96.40
40.45, -111.53
40.43, -74.00
40.38, 22.57
40.27, -80.00
40.23, -3.43
40.20, 29.08
40.13, -74.45
40.10, 44.31
40.02, -105.27
39.59, -82.59
39.57, -75.10
39.54, 116.23
39.52, 32.52
39.47, 30.31
39.46, -86.09
39.45, -104.59
39.34, 2.39
39.31, -119.49
39.29, -0.22
39.17, -76.37
39.14, 9.7
39.09, -75.31
39.0851, 127.2646
39.08, -84.30
39.08, 117.11
39.06, -94.35
39.02, 125.45
38.54, -77.02
38.42, -9.11
38.39, -90.13
38.33, -121.28
38.32, 68.47
38.28, 23.36
38.20, -81.38
38.15, -85.46
38.11, 15.33
38.07, 13.22
38.00, 23.43
37.58, 58.20
37.58, 126.33
37.52, 32.29
37.48, 35.57
37.46, -122.26
37.41, -97.20
37.33, 126.59
37.30, 15.05
37.23, -5.59
37.12, -93.17
36.51, -75.59
36.48, 34.38
36.47, 3.04
36.22, 43.07
36.18, 59.37
36.11, -115.13
36.08, -5.21
36.08, 10.17
36.07, -95.56
36.05, 120.20
36.00, -86.47
35.54, 14.31
35.42, 51.25
35.41, 139.46
35.29, -97.32
35.26, 139.38
35.20, 25.8
35.14, -80.50
35.07, -89.58
35.07, 136.56
35.06, -106.35
35.31, 35.47
35.30, 139.45
35.28, 44.24
35.10, 33.21
35.06, 129.02
35.01, 135.45
34.45, 113.38
34.44, 10.46
34.44, -92.19
34.42, -119.70
34.42, 135.09
34.42, 135.30
34.31, 69.11
34.23, 132.27
34.05, 74.47
34.03, -118.15
34.02, -6.50
34.00, -81.02
33.56, -117.23
33.53, 35.31
33.45, -84.23
33.43, 73.4
33.35, 130.24
33.32, -7.35
33.31, -86.49
33.30, 36.18
33.27, -112.04
33.20, 44.26
32.54, 13.11
32.46, -96.48
32.43, -117.10
32.40, -115.28
32.38, 51.29
32.31, -117.02
32.18, -64.47
32.17, -90.11
32.07, 20.4
32.05, 34.48
32.03, 118.46
31.57, 35.56
31.48, -106.98
31.47, -116.36
31.46, 35.14
31.38, 74.51
31.37, 65.43
31.33, 74.20
31.31, 34.27
31.12, 29.55
31.10, 121.28
31.08, -8.0
31.06, 77.10
30.42, 76.43
30.41, -88.05
30.39, 104.04
30.34, 114.16
30.19, -81.40
30.18, -97.45
30.03, 31.22
29.58, 32.33
29.58, -90.04
29.55, -110.57
29.45, -95.22
29.39, 91.07
29.33, 34.57
29.33, 106.30
29.32, -98.28
29.22, 47.58
28.38, 77.13
28.38, -106.05
28.28, -16.15
28.25, -81.19
28.9, -15.25
27.58, -82.27
27.43, 85.22
27.29, 94.55
27.28, 89.38
27.10, 78.1
27.09, -13.12
27.02, 14.26
26.56, 75.49
26.44, 88.26
26.40, 92.45
26.20, 127.48
26.13, 50.35
26.10, 91.45
25.47, -80.13
25.40, -100.18
25.32, -103.26
25.19, 79.38
25.17, 51.32
25.16, 55.20
25.14, -107.50
25.03, -77.20
25.02, 121.38
24.43, 46.43
24.33, -81.47
24.28, 54.22
24.08, 67.01
23.42, 90.23
23.37, 58.36
23.30, 91.12
23.20, 113.30
23.07, -82.23
23.01, 72.34
22.59, 120.11
22.53, -109.55
22.49, 108.22
22.38, 120.16
22.34, 88.21
22.33, 114.06
22.22, -97.85
22.22, 91.48
22.17, 114.08
22.16, -100.98
22.10, 113.33
21.51, -102.18
21.50, 39.16
21.25, 39.49
21.18, -157.50
21.10, -86.50
21.07, -101.41
21.05, 79.03
21.02, 105.51
20.58, -89.37
20.40, -103.21
20.40, -105.16
20.36, -100.23
20.01, -75.48
19.45, 96.6
19.41, -99.13
19.18, -81.22
19.11, -96.08
19.05, -98.22
18.58, 72.49
18.52, 73.84
18.47, 98.59
18.32, -72.20
18.30, -69.59
18.29, -66.08
18.6, -15.57
17.59, -76.48
17.58, 102.36
17.41, 83.13
17.30, -88.11
17.25, 102.45
17.22, 78.29
17.18, -62.44
17.16, -88.46
17.07, -61.51
17.01, 54.05
16.50, -99.55
16.46, -3.00
16.48, 96.09
16.26, 102.50
15.34, 33.36
15.30, -61.39
15.21, 44.12
15.20, 38.56
15.11, 145.45
14.58, 102.06
14.55, -23.31
14.52, -92.16
14.40, -17.25
14.38, -90.33
14.38, 121.2
14.36, 120.59
14.33, 121.2
14.20, 100.34
14.05, -87.13
14.01, -60.59
13.45, 100.31
13.41, -89.11
13.31, 2.6
13.31, 144.50
13.27, 16.34
13.26, 16.40
13.10, -61.14
13.09, 80.17
13.07, -59.37
12.58, 77.35
12.56, 100.53
12.30, -61.45
12.39, -8.0
12.37, -87.09
12.21, -1.32
12.08, -86.16
12.06, 15.03
12.00, 8.31
11.51, -15.34
11.36, 43.10
11.33, 104.55
11.11, -4.17
10.65, -71.64
10.46, 106.41
10.41, 122.33
10.40, -61.31
10.38, -85.26
10.30, -66.56
10.24, -67.60
10.17, -61.28
10.17, 123.54
10.01, -84.13
9.59, 76.17
9.59, -83.02
9.58, -84.50
9.56, -84.05
9.30, -13.42
9.30, 44.0
9.24, -0.51
9.08, 99.19
9.04, 7.29
9.02, 38.44
8.58, -79.32
8.34, 16.05
8.30, -13.7
8.29, 76.57
8.12, -63.55
7.53, -72.30
7.53, 98.24
7.45, -8.49
7.40, 171.16
7.30, 126.0
7.22, 3.53
7.21, 134.28
7.01, 100.28
6.55, 158.11
6.54, 79.50
6.54, 79.53
6.49, -5.17
6.48, -58.10
6.41, -1.37
6.35, 3.20
6.30, 2.36
6.22, 2.25
6.19, 5.36
6.19, -10.46
6.14, -75.34
6.08, 1.12
6.07, 100.22
5.58, 116.06
5.52, -55.10
5.40, -67.38
5.31, 95.25
5.30, -0.10
5.25, 100.19
5.20, -4.01
4.60, 101.07
4.56, -52.20
4.55, -1.46
4.53, 114.56
4.51, 31.36
4.45, 7.0
4.37, -74.05
4.23, 113.58
4.22, 18.35
4.10, 73.30
4.03, 9.41
3.52, 11.31
3.45, 8.46
3.35, 98.40
3.25, -76.32
3.08, 101.42
2.49, -60.40
2.11, 102.23
2.04, 45.22
1.33, 110.25
1.29, 103.44
1.19, 172.58
1.17, 103.51
0.32, 101.27
0.23, 9.27
0.20, 6.41
0.19, 32.35
0.04, 32.27
0.02, -51.03
-0.00, 109.20
-0.15, -78.35
-0.21, 42.33
-0.33, 166.55
-0.57, 100.21
-1.15, 116.50
-1.17, 36.48
-1.28, -48.29
-1.57, 30.04
-2.11, -79.53
-2.31, -44.18
-2.59, 104.45
-3.06, -60.01
-3.23, 29.22
-3.42, 128.10
-3.46, -38.34
-4.03, 39.40
-4.16, 15.17
-4.19, 15.19
-4.37, 55.27
-5.06, -42.48
-5.08, 119.25
-5.32, -47.29
-5.47, -35.12
-6.10, 39.12
-6.10, 35.44
-6.11, 106.50
-6.36, 106.48
-6.48, 39.17
-6.57, 107.34
-6.58, 110.25
-7.07, -34.51
-7.14, 112.44
-7.58, 112.37
-8.01, -79.00
-8.04, -34.52
-8.31, 179.13
-8.34, 125.34
-8.39, 115.13
-8.46, -63.54
-8.50, 13.14
-9.28, 159.49
-9.30, 147.12
-9.39, -35.44
-9.59, -67.48
-10.12, -48.21
-10.54, -37.02
-11.45, 43.12
-11.52, -55.30
-12.03, -77.02
-12.27, 130.50
-12.58, 28.38
-12.46, 15.44
-12.47, 45.13
-12.58, -38.30
-13.09, -74.13
-13.50, -171.50
-13.59, 33.47
-14.16, -170.42
-14.47, -39.02
-15.25, 28.17
-15.36, -56.05
-15.40, 34.58
-15.47, -47.54
-16.24, -71.32
-16.30, -68.08
-16.41, -49.15
-16.57, 145.45
-17.32, -149.34
-17.45, -63.14
-17.45, 168.18
-17.51, 25.52
-17.52, 31.02
-18.10, 178.27
-18.28, -70.18
-18.55, 47.31
-19.03, -65.16
-19.15, 146.46
-19.55, -43.56
-20.10, 28.34
-20.10, 57.31
-20.13, -70.10
-20.18, 118.36
-20.19, -40.20
-20.26, -54.38
-20.52, 55.28
-21.10, 27.30
-21.08, -175.12
-22.17, -166.27
-22.27, -68.56
-22.34, 17.5
-22.54, -47.03
-22.54, -43.14
-23.22, 150.31
-23.33, -46.38
-23.38, -70.23
-23.54, 29.27
-24.39, 25.54
-24.47, -65.25
-25.16, -57.40
-25.25, -49.17
-25.28, 30.59
-25.44, 28.11
-25.51, 25.38
-25.58, 32.35
-26.08, 27.54
-26.19, 31.08
-26.50, -65.13
-27.22, -70.20
-27.25, -48.32
-27.28, 153.02
-28.00, 153.25
-28.45, 24.46
-29.18, 27.28
-29.37, 30.23
-29.53, 31.03
-29.06, 26.13
-29.54, -71.15
-30.01, -51.13
-31.24, -64.11
-31.46, -52.21
-31.58, 115.49
-32.53, 27.23
-32.53, -68.50
-32.55, 151.47
-32.57, -60.40
-33.03, -71.37
-33.27, -70.39
-33.41, -53.26
-33.52, 151.13
-33.55, 18.25
-33.57, 25.38
-34.40, -58.24
-34.53, -56.10
-34.55, 138.36
-35.17, 149.08
-36.50, -73.03
-36.51, 174.47
-37.47, 175.17
-37.49, 144.58
-38.43, -62.16
-38.45, -72.40
-39.38, 176.50
-39.40, -73.14
-41.09, -71.18
-41.17, 174.47
-41.17, 173.17
-41.28, -72.56
-42.53, 147.18
-43.15, -65.18
-43.32, 172.37
-45.24, -72.41
-45.34, -72.04
-45.52, -67.29
-45.52, 170.30
-46.25, 168.19
-51.38, -69.13
-51.42, -57.51
-53.10, -70.56
-54.17, -36.31
-54.48, -68.18
-54.56, -67.37
-55.01, -67.06
